Alappuzha    34.6  2.0 24.8  2.0   79   -2   0.0    1.7  -20.7    Tr  293
CIAL_Kochi   33.8    - 22.2    -   78    -   0.0     tr      -    Tr        m*
Kannur       34.4  1.0 22.0  0.4   85   13   0.0    0.0   -2.8     0  330
Karipur_AP   32.4 -0.6 21.4 -1.3   74    2   0.0    0.0      -     0
Kochi_AP     31.0 -0.9 24.6  1.2   80    3   0.0    7.6  -19.9     1  305
Kottayam(RB) 35.0  1.9 23.0  0.8   88    8   0.0    0.0   -9.9     0  284
Kozhikode    34.8  2.4 23.4  0.3   76   -2   0.0   10.0    6.6     1  314
Palakkad     35.6  1.5 22.7  0.9   86   15   0.0     tr   -2.4    Tr  196
Punalur      35.0  0.2 20.0 -1.2   75   -7   0.0     tr  -16.4    Tr  259
Trivandrum_AP 32.2  0.9 23.2  1.2   77    1   0.0     tr  -24.1    Tr  170   z*
Trivandrum_City 33.4  0.9 24.3  1.8   90   11   0.0    1.9  -22.9    Tr  178
Vellanikara  34.2    - 21.7    -   78    -   0.0    0.0      -     0
Agathi       30.6 -0.5 26.2  0.5   68   -6   0.0    0.0   -7.8     0  141
Aminidivi    32.5  0.6 23.5 -0.4   78   -3   0.0     tr  -11.8    Tr  160
Kavaratti
Minicoy      32.1  0.9 24.3  0.2   79   -3   0.0    1.4  -28.4    Tr  167
